estandar	dialectal	whisper
Pero	Pero	—¿Y
tuve	tuve	el
una	una	Mahlermente
reservada	reservá	termine?
desde	desde	Vuelvo.
que	que	¿T
tenía	tenía	지나
diez	diez	una
años	años	vez
~,	~,	Green
fue	fue	Ameagie?
mi	mi	Ya
mujer	mujer	le
~.	~.	dec
Esa	Esa	Muss,
la	la	dus
reservé	reservé	te
cuando	cuando	tendré
tenía	tenía	nhiều
diez	diez	mayor
años	años	que
 	 	agile
 	 	untilas
 	 	papier,
 	 	pero
 	 	hoy
 	 	lo
 	 	decí
 	 	minimum
 	 	Bella
 	 	no
 	 	summitó.
 	 	Si
 	 	este
 	 	pas
 	 	analytical
 	 	para
 	 	respirar,
 	 	se
 	 	puede
 	 	entender
 	 	en
 	 	las
 	 	300
 	 	doubled
 	 	anchoraciones
 	 	por
 	 	eseiforn派.
 	 	Por
 	 	lo
 	 	Arnoldaro
 	 	Grenel,
 	 	este
 	 	clip
 	 	terminó
 	 	la
 	 	Ausquel
 	 	создando
 	 	calle
 	 	2017,看到
 	 	fuckin'.
